381.0055850000 1.0779678265
388.4092100000 1.0654625376
395.8158260000 1.0507523685
403.2254030000 1.0367046042
410.6380000000 1.0248106984
418.0535890000 1.0156415562
425.4721370000 1.0091972023
432.8927000000 1.0051491323
440.3172610000 1.0029999384
447.7427980000 1.0021947284
455.1703490000 1.0000000000
462.5988770000 1.0000000000
470.0303960000 1.0000000000
477.4629210000 1.0000000000
484.8974300000 1.0000000000
492.3329160000 1.0000000000
499.7714230000 1.0000000000
507.2099000000 1.0000000000
514.6503910000 1.0000000000
522.0908810000 1.0000000000
529.5333250000 1.0000000000
536.9768070000 1.0000000000
544.4212650000 1.0000000000
551.8666990000 1.0000000000
559.3142090000 1.0000000000
566.7615970000 1.0000000000
574.2090450000 1.0000000000
581.6585080000 1.0000000000
589.1079710000 1.0000000000
596.5583500000 1.0000000000
604.0098270000 1.0000000000
611.4622190000 1.0000000000
618.9146120000 1.0000000000
626.3680420000 1.0000000000
633.8214720000 1.0000000000
641.2758790000 1.0000000000
648.7302860000 1.0000000000
656.1857300000 1.0000000000
663.6411130000 1.0000000000
671.0975340000 1.0000000000
678.5538940000 1.0000000000
686.0103150000 1.0000000000
693.4677120000 1.0000000000
700.9251100000 1.0000000000
708.3835450000 1.0000000000
715.8409420000 1.0000000000
723.2993160000 1.0000000000
730.7587280000 1.0000000000
738.2171020000 1.0000000000
745.6765140000 1.0000000000
753.1359250000 1.0000000000
760.5963130000 1.0000000000
768.0557250000 1.0000000000
775.5161130000 1.0000000000
782.9775390000 1.0000000000
790.4379270000 1.0000000000
797.8993530000 1.0000000000
805.3617550000 1.0000000000
812.8231810000 1.0000000000
820.2846070000 1.0000000000
827.7459720000 1.0000000000
835.2073970000 1.0000000000
842.6698610000 1.0000000000
850.1312870000 1.0000000000
857.5936890000 1.0000000000
865.0551150000 1.0000000000
872.5175780000 1.0000000000
879.9800420000 1.0000000000
887.4414670000 1.0000000000
894.9039310000 1.0000000000
902.3663940000 1.0000000000
909.8288570000 1.0000000000
917.2913210000 1.0000000000
924.7537840000 1.0000000000
932.2162480000 1.0000000000
939.6787720000 1.0000000000
947.1402590000 1.0000000000
954.6027220000 1.0000000000
962.0642700000 1.0000000000
969.5267940000 1.0000000000
976.9882810000 1.0000000000
984.4498290000 1.0000000000
991.9113770000 1.0000000000
999.3728640000 1.0000000000
1006.8344120000 1.0000000000
1014.2949830000 1.0000000000
1021.7565920000 1.0000000000
1029.2171630000 1.0000000000
1036.6777340000 1.0000000000
1044.1383060000 1.0000000000
1051.5988770000 1.0000000000
1059.0595700000 1.0000000000
1066.5201420000 1.0000000000
1073.9797360000 1.0000000000
1081.4404300000 1.0000000000
1088.9000240000 1.0000000000
1096.3597410000 1.0000000000
1103.8183590000 1.0000000000
1111.2780760000 1.0000000000
1118.7368160000 1.0000000000
1126.1964110000 1.0000000000
1133.6551510000 1.0000000000
1141.1129150000 1.0000000000
1148.5716550000 1.0000000000
1156.0303960000 1.0000000000
1163.4881590000 1.0000000000
1170.9459230000 1.0000000000
1178.4036870000 1.0000000000
1185.8615720000 1.0000000000
1193.3183590000 1.0000000000
1200.7761230000 1.0000000000
1208.2330320000 1.0000000000
1215.6898190000 1.0000000000
1223.1467290000 1.0000000000
1230.6036380000 1.0000000000
1238.0595700000 1.0000000000
1245.5153810000 1.0000000000
1252.9724120000 1.0000000000
1260.4283450000 1.0000000000
1267.8833010000 1.0000000000
1275.3392330000 1.0000000000
1282.7941890000 1.0000000000
1290.2502440000 1.0000000000
1297.7052000000 1.0000000000
1305.1602780000 1.0000000000
1312.6143800000 1.0000000000
1320.0684810000 1.0000000000
1327.5224610000 1.0000000000
1334.9755860000 1.0000000000
1342.4287110000 1.0000000000
1349.8818360000 1.0000000000
1357.3350830000 1.0000000000
1364.7872310000 1.0000000000
1372.2384030000 1.0000000000
1379.6906740000 1.0000000000
1387.1418460000 1.0000000000
1394.5931400000 1.0000000000
1402.0433350000 1.0000000000
1409.4936520000 1.0000000000
1416.9439700000 1.0000000000
1424.3933110000 1.0000000000
1431.8426510000 1.0000000000
1439.2919920000 1.0000000000
1446.7403560000 1.0000000000
1454.1888430000 1.0000000000
1461.6372070000 1.0000000000
1469.0847170000 1.0000000000
1476.5321040000 1.0000000000
1483.9796140000 1.0000000000
1491.4261470000 1.0000000000
1498.8726810000 1.0000000000
1506.3192140000 1.0000000000
1513.7648930000 1.0000000000
1521.2104490000 1.0000000000
1528.6550290000 1.0000000000
1536.1007080000 1.0000000000
1543.5454100000 1.0000000000
1550.9891360000 1.0000000000
1558.4328610000 1.0000000000
1565.8765870000 1.0026777695
1573.3193360000 1.0195086741
1580.7620850000 1.0130690518
1588.2049560000 1.0032807098
1595.6467290000 1.0022391298
1603.0886230000 1.0175592665
1610.5295410000 1.0122899795
1617.9704590000 1.0041199759
1625.4104000000 0.9999073461
1632.8513180000 1.0000000000
1640.2902830000 1.0000000000
1647.7303470000 1.0000000000
1655.1694340000 1.0000000000
1662.6074220000 1.0000000000
1670.0455320000 1.0000000000
1677.4836430000 1.0000000000
1684.9208980000 1.0000000000
1692.3580320000 1.0000000000
1699.7951660000 1.0000000000
1707.2314450000 1.0000000000
1714.6667480000 1.0000000000
1722.1030270000 1.0000000000
1729.5383300000 1.0000000000
1736.9726560000 1.0000000000
1744.4071040000 1.0000000000
1751.8414310000 1.0000000000
1759.2749020000 1.0000000000
1766.7083740000 1.0000000000
1774.1418460000 1.0000000000
1781.5743410000 1.0000000000
1789.0069580000 1.0000000000
1796.4384770000 1.0000000000
1803.8701170000 1.0000000000
1811.3007810000 1.0000000000
1818.7314450000 1.0000000000
1826.1611330000 1.0000000000
1833.5909420000 1.0000000000
1841.0206300000 1.0000000000
1848.4494630000 1.0000000000
1855.8773190000 1.0000000000
1863.3051760000 1.0000000000
1870.7330320000 1.0000000000
1878.1600340000 1.0000000000
1885.5869140000 1.0000000000
1893.0129390000 1.0000000000
1900.4389650000 1.0000000000
1907.8640140000 1.0000000000
1915.2891850000 1.0000000000
1922.7132570000 1.0000000000
1930.1374510000 1.0000000000
1937.5606690000 1.0000000000
1944.9838870000 1.0000000000
1952.4071040000 1.0000000000
1959.8294680000 1.0000000000
1967.2518310000 1.0000000000
1974.6732180000 1.0000000000
1982.0946040000 1.0000000000
1989.5150150000 1.0000000000
1996.9355470000 1.0000000000
2004.3549800000 1.0000000000
2011.7745360000 1.0000000000
2019.1931150000 1.0000000000
2026.6118160000 1.0000000000
2034.0303960000 1.0000000000
2041.4471440000 1.0000000000
2048.8649900000 1.0000000000
2056.2807620000 1.0000000000
2063.6965330000 1.0000000000
2071.1123050000 1.0000000000
2078.5273440000 1.0000000000
2085.9421390000 1.0000000000
2093.3562010000 1.0000000000
2100.7690430000 1.0000000000
2108.1821290000 1.0000000000
2115.5942380000 1.0000000000
2123.0063480000 1.0000000000
2130.4174800000 1.0000000000
2137.8288570000 1.0000000000
2145.2390140000 1.0000000000
2152.6481930000 1.0000000000
2160.0576170000 1.0000000000
2167.4670410000 1.0000000000
2174.8754880000 1.0000000000
2182.2829590000 1.0000000000
2189.6904300000 1.0000000000
2197.0969240000 1.0000000000
2204.5034180000 1.0000000000
2211.9091800000 1.0000000000
2219.3146970000 1.0000000000
2226.7194820000 1.0000000000
2234.1232910000 1.0000000000
2241.5268550000 1.0000000000
2248.9296880000 1.0000000000
2256.3327640000 1.0000000000
2263.7346190000 1.0000000000
2271.1364750000 1.0000000000
2278.5375980000 1.0000000000
2285.9387210000 1.0000000000
2293.3386230000 1.0000000000
2300.7377930000 1.0000000000
2308.1359860000 1.0000000000
2315.5341800000 1.0000000000
2322.9326170000 1.0000000000
2330.3298340000 1.0000000000
2337.7263180000 1.0000000000
2345.1215820000 1.0000000000
2352.5170900000 1.0000000000
2359.9125980000 1.0000000000
2367.3071290000 1.0000000000
2374.7006840000 1.0000000000
2382.0935060000 1.0000000000
2389.4860840000 1.0000000000
2396.8779300000 1.0000000000
2404.2695310000 1.0000000000
2411.6604000000 1.0000000000
2419.0512700000 1.0000000000
2426.4401860000 1.0000000000
2433.8303220000 1.0000000000
2441.2182620000 1.0000000000
2448.6064450000 1.0000000000
2455.9943850000 1.0000000000
2463.3815920000 1.0000000000
2470.7678220000 1.0000000000
2478.1530760000 1.0000000000
2485.5385740000 1.0000000000
2492.9238280000 1.0000000000
