3.0   0.3940 0.0010
4.0   0.4010 0.0010
5.0   0.4080 0.0010
6.0   0.4150 0.0010
7.0   0.4220 0.0010
8.0   0.4290 0.0010
9.0   0.4360 0.0010
10.0  0.4430 0.0010
11.0  0.4500 0.0010
12.0  0.4570 0.0010
13.0  0.4640 0.0010
14.0  0.4710 0.0010
15.0  0.4780 0.0010
16.0  0.4850 0.0010
17.0  0.4920 0.0010
18.0  0.4990 0.0010
19.0  0.5060 0.0010
20.0  0.5130 0.0010
21.0  0.5200 0.0010
22.0  0.5270 0.0010
23.0  0.5340 0.0010
24.0  0.5410 0.0010
25.0  0.5480 0.0010
26.0  0.5550 0.0010
27.0  0.5620 0.0010
28.0  0.5690 0.0010
29.0  0.5760 0.0010
30.0  0.5830 0.0010
31.0  0.5900 0.0010
32.0  0.5970 0.0010
33.0  0.6040 0.0010
34.0  0.6110 0.0010
35.0  0.6180 0.0010
36.0  0.6250 0.0010
37.0  0.6320 0.0010
38.0  0.6390 0.0010
39.0  0.6460 0.0010
40.0  0.6530 0.0010
41.0  0.6600 0.0010
42.0  0.6670 0.0010
43.0  0.6740 0.0010
44.0  0.6810 0.0010
45.0  0.6880 0.0010
46.0  0.6950 0.0010
47.0  0.7020 0.0010
48.0  0.7090 0.0010
49.0  0.7160 0.0010
50.0  0.7230 0.0010
51.0  0.7300 0.0010
52.0  0.7370 0.0010
53.0  0.7440 0.0010
54.0  0.7510 0.0010
55.0  0.7580 0.0010
56.0  0.7650 0.0010
57.0  0.7720 0.0010
58.0  0.7790 0.0010
59.0  0.7860 0.0010
60.0  0.7930 0.0010
61.0  0.8000 0.0010
62.0  0.8070 0.0010
63.0  0.8140 0.0010
64.0  0.8210 0.0010
65.0  0.8280 0.0010
66.0  0.8350 0.0010
67.0  0.8420 0.0010
68.0  0.8490 0.0010
69.0  0.8560 0.0010
70.0  0.8630 0.0010
71.0  0.8700 0.0010
72.0  0.8770 0.0010
73.0  0.8840 0.0010
74.0  0.8910 0.0010
75.0  0.8980 0.0010
76.0  0.9050 0.0010
77.0  0.9120 0.0010
78.0  0.9190 0.0010
79.0  0.9260 0.0010
80.0  0.9330 0.0010
81.0  0.9400 0.0010
82.0  0.9470 0.0010
83.0  0.9540 0.0010
84.0  0.9610 0.0010
85.0  0.9680 0.0010
86.0  0.9750 0.0010
87.0  0.9820 0.0010
88.0  0.9890 0.0010
89.0  0.9960 0.0010
90.0  1.0030 0.0010
91.0  1.0100 0.0010
92.0  1.0170 0.0010
93.0  1.0240 0.0010
94.0  1.0310 0.0010
95.0  1.0380 0.0010
96.0  1.0450 0.0010
97.0  1.0520 0.0010
98.0  1.0590 0.0010
99.0  1.0660 0.0010
100.0 1.0730 0.0010
101.0 1.0800 0.0010
102.0 1.0870 0.0010
103.0 1.0940 0.0010
104.0 1.1010 0.0010
105.0 1.1080 0.0010
106.0 1.1150 0.0010
107.0 1.1220 0.0010
108.0 1.1290 0.0010
109.0 1.1360 0.0010
110.0 1.1430 0.0010
111.0 1.1500 0.0010
112.0 1.1570 0.0010
113.0 1.1640 0.0010
114.0 1.1710 0.0010
115.0 1.1780 0.0010
116.0 1.1850 0.0010
117.0 1.1920 0.0010
118.0 1.1990 0.0010
119.0 1.2060 0.0010
120.0 1.2130 0.0010
121.0 1.2200 0.0010
122.0 1.2270 0.0010
123.0 1.2340 0.0010
124.0 1.2410 0.0010
125.0 1.2480 0.0010
126.0 1.2550 0.0010
127.0 1.2620 0.0010
128.0 1.2690 0.0010
129.0 1.2760 0.0010
130.0 1.2830 0.0010
131.0 1.2900 0.0010
132.0 1.2970 0.0010
133.0 1.3040 0.0010
134.0 1.3110 0.0010
135.0 1.3180 0.0010
136.0 1.3250 0.0010
137.0 1.3320 0.0010
138.0 1.3390 0.0010
139.0 1.3460 0.0010
140.0 1.3530 0.0010
141.0 1.3600 0.0010
142.0 1.3670 0.0010
143.0 1.3740 0.0010
144.0 1.3810 0.0010
145.0 1.3880 0.0010
146.0 1.3950 0.0010
147.0 1.4020 0.0010
148.0 1.4090 0.0010
149.0 1.4160 0.0010
150.0 1.4230 0.0010
151.0 1.4300 0.0010
152.0 1.4370 0.0010
153.0 1.4440 0.0010
154.0 1.4510 0.0010
155.0 1.4580 0.0010
156.0 1.4650 0.0010
157.0 1.4720 0.0010
158.0 1.4790 0.0010
159.0 1.4860 0.0010
160.0 1.4930 0.0010
161.0 1.5000 0.0010
162.0 1.5070 0.0010
163.0 1.5140 0.0010
164.0 1.5210 0.0010
165.0 1.5280 0.0010
166.0 1.5350 0.0010
167.0 1.5420 0.0010
168.0 1.5490 0.0010
169.0 1.5560 0.0010
170.0 1.5630 0.0010
171.0 1.5700 0.0010
172.0 1.5770 0.0010
173.0 1.5840 0.0010
174.0 1.5910 0.0010
175.0 1.5980 0.0010
176.0 1.6050 0.0010
177.0 1.6120 0.0010
178.0 1.6190 0.0010
179.0 1.6260 0.0010
180.0 1.6330 0.0010
181.0 1.6400 0.0010
182.0 1.6470 0.0010
183.0 1.6540 0.0010
184.0 1.6610 0.0010
185.0 1.6680 0.0010
186.0 1.6750 0.0010
187.0 1.6820 0.0010
188.0 1.6890 0.0010
189.0 1.6960 0.0010
190.0 1.7030 0.0010
191.0 1.7100 0.0010
192.0 1.7170 0.0010
193.0 1.7240 0.0010
194.0 1.7310 0.0010
195.0 1.7380 0.0010
196.0 1.7450 0.0010
197.0 1.7520 0.0010
198.0 1.7590 0.0010
199.0 1.7660 0.0010
200.0 1.7730 0.0010
201.0 1.7800 0.0010
202.0 1.7870 0.0010
203.0 1.7940 0.0010
204.0 1.8010 0.0010
205.0 1.8080 0.0010
206.0 1.8150 0.0010
207.0 1.8220 0.0010
208.0 1.8290 0.0010
209.0 1.8360 0.0010
210.0 1.8430 0.0010
211.0 1.8500 0.0010
212.0 1.8570 0.0010
213.0 1.8640 0.0010
214.0 1.8710 0.0010
215.0 1.8780 0.0010
216.0 1.8850 0.0010
217.0 1.8920 0.0010
218.0 1.8990 0.0010
219.0 1.9060 0.0010
220.0 1.9130 0.0010
221.0 1.9200 0.0010
222.0 1.9270 0.0010
223.0 1.9340 0.0010
224.0 1.9410 0.0010
225.0 1.9480 0.0010
226.0 1.9550 0.0010
227.0 1.9620 0.0010
228.0 1.9690 0.0010
229.0 1.9760 0.0010
230.0 1.9830 0.0010
231.0 1.9900 0.0010
232.0 1.9970 0.0010
233.0 2.0040 0.0010
234.0 2.0110 0.0010
235.0 2.0180 0.0010
236.0 2.0250 0.0010
237.0 2.0320 0.0010
238.0 2.0390 0.0010
239.0 2.0460 0.0010
240.0 2.0530 0.0010
241.0 2.0600 0.0010
242.0 2.0670 0.0010
243.0 2.0740 0.0010
244.0 2.0810 0.0010
245.0 2.0880 0.0010
246.0 2.0950 0.0010
247.0 2.1020 0.0010
248.0 2.1090 0.0010
249.0 2.1160 0.0010
250.0 2.1230 0.0010
251.0 2.1300 0.0010
252.0 2.1370 0.0010
253.0 2.1440 0.0010
254.0 2.1510 0.0010
255.0 2.1580 0.0010
256.0 2.1650 0.0010
257.0 2.1720 0.0010
258.0 2.1790 0.0010
259.0 2.1860 0.0010
260.0 2.1930 0.0010
261.0 2.2000 0.0010
262.0 2.2070 0.0010
263.0 2.2140 0.0010
264.0 2.2210 0.0010
265.0 2.2280 0.0010
266.0 2.2350 0.0010
267.0 2.2420 0.0010
268.0 2.2490 0.0010
269.0 2.2560 0.0010
270.0 2.2630 0.0010
271.0 2.2700 0.0010
272.0 2.2770 0.0010
273.0 2.2840 0.0010
274.0 2.2910 0.0010
275.0 2.2980 0.0010
276.0 2.3050 0.0010
277.0 2.3120 0.0010
278.0 2.3190 0.0010
279.0 2.3260 0.0010
280.0 2.3330 0.0010
281.0 2.3400 0.0010
282.0 2.3470 0.0010
283.0 2.3540 0.0010
284.0 2.3610 0.0010
285.0 2.3680 0.0010
286.0 2.3750 0.0010
287.0 2.3820 0.0010
288.0 2.3890 0.0010
289.0 2.3960 0.0010
290.0 2.4030 0.0010
291.0 2.4100 0.0010
292.0 2.4170 0.0010
293.0 2.4240 0.0010
294.0 2.4310 0.0010
295.0 2.4380 0.0010
296.0 2.4450 0.0010
297.0 2.4520 0.0010
298.0 2.4590 0.0010
299.0 2.4660 0.0010
300.0 2.4730 0.0010
301.0 2.4800 0.0010
302.0 2.4870 0.0010
